0.005999999999950489
0.004000000000004
0.005000000000032756
0.005000000000032756
0.005999999999950489
0.005999999999950489
0.006999999999979245
0.008000000000008
0.008999999999925734
0.010999999999983245
0.010999999999983245
0.012000000000012001
0.012999999999929734
0.013000000000040757
0.01399999999995849
0.014999999999987246
0.016000000000016
0.017000000000044757
0.016999999999933735
0.01799999999996249
0.018999999999991246
0.020000000000020002
0.021000000000048757
0.021000000000048757
0.02199999999996649
0.02399999999991298
0.024000000000024002
0.05299999999996974
0.026000000000081513
0.026000000000081513
0.026999999999999247
0.028000000000028002
0.029000000000056758
0.028999999999945736
0.02999999999997449
0.031000000000003247
0.032000000000032
0.032999999999949736
0.03399999999997849
0.03399999999997849
0.04500000000007276
0.036000000000036
0.03699999999995374
0.03700000000006476
0.03900000000001125
0.03900000000001125
0.03900000000001125
0.04099999999995774
0.04099999999995774
0.04300000000001525
0.04300000000001525
0.04300000000001525
0.044000000000044004
0.04499999999996174
0.04599999999999049
0.04700000000001925
0.048000000000048004
0.048000000000048004
0.04900000000007676
0.04999999999999449
0.05100000000002325
0.052000000000052005
0.064000000000064
0.053999999999998494
0.053999999999998494
0.05500000000002725
0.05599999999994498
0.05699999999997374
0.05599999999994498
0.058000000000002494
0.058000000000002494
0.05999999999994898
0.06099999999997774
0.062000000000006494
0.062000000000006494
0.06399999999995298
0.064000000000064
0.064000000000064
0.07699999999999374
0.06699999999992823
0.06700000000003925
0.0660000000000105
0.06799999999995698
0.06899999999998574
0.0700000000000145
0.06999999999990347
0.072000000000072
0.07199999999996098
0.07199999999996098
0.0740000000000185
0.07500000000004725
0.08900000000000574
0.07700000000010476
0.0780000000000225
0.07699999999999374
0.07900000000005125
0.0780000000000225
0.09999999999998899
0.0820000000000265
0.08199999999991547
0.0820000000000265
0.08400000000008401
0.08400000000008401
0.09700000000001374
0.08599999999991947
0.08699999999994823
0.08799999999997699
0.08799999999997699
0.08900000000000574
0.0900000000000345
0.08900000000000574
0.11399999999994748
0.09300000000000974
0.12599999999995948
0.09399999999992747
0.09499999999995623
0.09399999999992747
0.11499999999997623
0.09799999999993148
0.09799999999993148
0.09899999999996023
0.09899999999996023
0.10900000000002574
0.11799999999995148
0.10100000000001774
0.10299999999996423
0.10500000000002174
0.10599999999993948
0.10599999999993948
0.1060000000000505
0.10699999999996823
0.12999999999996348
0.10799999999999699
0.1100000000000545
0.1100000000000545
0.11099999999997223
0.13099999999999223
0.11399999999994748
0.11399999999994748
0.11399999999994748
0.12699999999998823
0.11499999999997623
0.11700000000003374
0.1180000000000625
0.1180000000000625
0.11899999999998023
0.11799999999995148
0.12100000000003774
0.13399999999996748
0.140000000000029
0.12400000000001299
0.12299999999998423
0.12400000000001299
0.14100000000005775
0.14499999999995072
0.15699999999996272
0.1260000000000705
0.12699999999998823
0.18399999999996197
0.148000000000037
0.12900000000004574
0.15300000000006975
0.14199999999997548
0.13199999999990997
0.132000000000021
0.156000000000045
0.1340000000000785
0.13499999999999623
0.15900000000002024
0.1380000000000825
0.13700000000005375
0.13700000000005375
0.13900000000000023
0.140000000000029
0.140000000000029
0.15199999999992997
0.14199999999997548
0.1429999999998932
0.144000000000033
0.16299999999991321
0.14499999999995072
0.14499999999995072
0.15699999999996272
0.168000000000057
0.148000000000037
0.14900000000006575
0.1500000000000945
0.16599999999999948
0.184000000000073
0.152000000000041
0.152000000000041
0.17099999999992122
0.15500000000001624
0.15500000000001624
0.18499999999999073
0.15699999999996272
0.15699999999996272
0.15799999999999148
0.15900000000002024
0.15900000000002024
0.19299999999999873
0.16199999999999548
0.16199999999999548
0.16300000000002424
0.164000000000053
0.17499999999992522
0.16599999999999948
0.18399999999996197
0.16700000000002824
0.16700000000002824
0.17100000000003224
0.18999999999991246
0.17299999999997873
0.17299999999997873
0.26399999999993096
0.2260000000000595
0.20399999999998197
0.19299999999999873
0.19400000000002748
0.19700000000000273
0.19899999999994922
0.21400000000004749
0.19599999999997397
0.196000000000085
0.19700000000000273
0.21199999999998997
0.19899999999994922
0.19800000000003148
0.19999999999997797
0.200000000000089
0.23499999999998522
0.20300000000006424
0.22800000000000598
0.2260000000000595
0.23300000000003873
0.22800000000000598
0.20799999999998597
0.20799999999998597
0.2220000000000555
0.22100000000002673
0.22100000000002673
0.21099999999996122
0.21099999999996122
0.2289999999999237
0.21500000000007624
0.21599999999999397
0.24000000000001798
0.23399999999995647
0.21800000000005149
0.21899999999996922
0.2409999999999357
0.220000000000109
0.25399999999997647
0.24299999999999322
0.22400000000000198
0.2870000000000372
0.2289999999999237
0.22900000000003473
0.22800000000000598
0.2260000000000595
0.24800000000002598
0.22800000000000598
0.22900000000003473
0.23200000000000998
0.24999999999997247
0.23300000000003873
0.264000000000042
0.23599999999990295
0.2489999999999437
0.27700000000008274
0.23700000000004273
0.27199999999993896
0.24100000000004673
0.2420000000000755
0.264000000000042
0.2550000000000052
0.24400000000002198
0.24400000000002198
0.24500000000005073
0.2569999999999517
0.24700000000010824
0.26999999999999247
0.2489999999999437
0.2629999999999022
0.27800000000000047
0.2620000000002065
0.2889999999999837
0.25300000000005873
0.27200000000005
0.2829999999998112
0.2489999999999437
0.31599999999998296
0.24100000000015775
0.24199999999985344
0.25399999999997647
0.24299999999999322
0.24399999999991095
0.26799999999993496
0.27900000000014025
0.26900000000007473
0.2489999999999437
0.26199999999998447
0.2510000000000012
0.26999999999999247
0.252000000000141
0.30500000000022176
0.25399999999997647
0.25399999999997647
0.28999999999990145
0.26599999999987745
0.2569999999999517
0.2580000000000915
0.2689999999998527
0.26100000000006673
0.2830000000000332
0.26199999999998447
0.2949999999999342
0.264000000000042
0.2649999999999597
0.31200000000009
0.2670000000000172
0.26799999999993496
0.2869999999999262
0.30300000000016425
0.3329999999999167
0.29400000000001647
0.3249999999999087
0.27800000000000047
0.31199999999986794
0.27999999999983594
0.2789999999999182
0.280000000000058
0.3009999999998847
0.28199999999989345
0.304000000000082
0.29199999999995896
0.2809999999999757
0.3009999999998847
0.3109999999999502
0.3029999999999422
0.3060000000001395
0.2980000000001315
0.28799999999984394
0.288000000000066
0.2889999999999837
0.3210000000000157
0.2889999999999837
0.28999999999990145
0.32300000000007323
0.29199999999995896
0.3130000000000077
0.30599999999991745
0.32199999999993345
0.29799999999990945
0.41599999999997195
0.32399999999999096
0.30100000000010674
0.3509999999999902
0.30599999999991745
0.3210000000000157
0.30599999999991745
0.3260000000000485
0.3210000000000157
0.30799999999997496
0.35199999999990794
0.34000000000000696
0.31200000000009
0.3429999999999822
0.31199999999986794
0.3130000000000077
0.3260000000000485
0.31599999999998296
0.316000000000205
0.3329999999999167
0.33799999999994945
0.3210000000000157
0.3809999999999647
0.32199999999993345
0.3409999999999247
0.3349999999999742
0.4029999999999312
0.42199999999992244
0.4109999999999392
0.3610000000000557
0.3589999999999982
0.3639999999998089
0.35999999999991594
0.3349999999999742
0.4109999999999392
0.336000000000114
0.36400000000003097
0.3349999999999742
0.336000000000114
0.34800000000001496
0.33799999999994945
0.36199999999997345
0.36400000000003097
0.3409999999999247
0.3530000000000477
0.35999999999991594
0.3429999999999822
0.39199999999994795
0.3449999999998177
0.4349999999999632
0.48599999999998644
0.36599999999986643
0.4530000000000367
0.4029999999999312
0.37799999999998946
0.3900000000001125
0.3549999999998832
0.37799999999998946
0.444000000000111
0.40799999999996395
0.4129999999999967
0.4249999999998977
0.46400000000001995
0.4530000000000367
0.3740000000000965
0.3910000000000302
0.41399999999991444
0.3910000000000302
0.3770000000000717
0.4499999999998394
0.4429999999999712
0.3709999999998992
0.40799999999996395
0.39199999999994795
0.4010000000000957
0.37200000000003897
0.400000000000178
0.4090000000001037
0.39600000000006297
0.4029999999999312
0.3769999999998497
0.41800000000002946
0.37799999999998946
0.37799999999998946
0.4809999999999537
0.3910000000000302
0.40699999999982417
0.4770000000000607
0.3889999999999727
0.4739999999998634
0.41000000000002146
0.47300000000016773
0.3910000000000302
0.41200000000007897
0.4039999999998489
0.4359999999998809
0.44100000000013573
0.3930000000000877
0.5589999999999762
0.5450000000000177
0.500000000000167
0.3990000000000382
0.45000000000006146
0.39799999999989844
0.39999999999995595
0.4119999999998569
0.4809999999999537
0.4099999999997994
0.4450000000000287
0.4990000000000272
0.408000000000186
0.45000000000006146
0.4279999999998729
0.4470000000000862
0.45800000000006946
0.46199999999996244
0.4310000000000702
0.4300000000001525
0.41100000000016124
0.4429999999999712
0.4150000000000542
0.41599999999997195
0.42999999999993044
0.43600000000010297
0.4620000000001845
0.45600000000001195
0.42000000000008697
0.4750000000000032
0.4610000000000447
0.47799999999997844
0.5450000000000177
0.4310000000000702
0.4629999999998802
0.4300000000001525
0.46600000000007746
0.48599999999998644
0.43200000000021
0.4669999999999952
0.43600000000010297
0.4690000000000527
0.43799999999993844
0.4669999999999952
0.4659999999998554
0.48000000000003595
0.46500000000015973
0.5700000000001815
0.5089999999998707
0.4649999999999377
0.47799999999997844
0.4649999999999377
0.5009999999998627
0.4470000000000862
0.5139999999999034
0.4569999999999297
0.5139999999999034
0.5189999999999362
0.7179999999999964
0.5699999999999594
0.5530000000000257
0.4569999999999297
0.5060000000001175
0.5220000000001335
0.4569999999999297
0.4710000000001102
0.46199999999996244
0.4870000000001262
0.5249999999998867
0.5450000000000177
0.46799999999991293
0.5150000000000432
0.4710000000001102
0.5250000000001087
0.536000000000092
0.484000000000151
0.46999999999997044
0.4809999999999537
0.47200000000002795
0.48200000000009346
0.47400000000008546
0.49299999999985467
0.48100000000017573
0.5100000000000104
0.5189999999999362
0.50400000000006
0.49399999999999444
0.5649999999999267
0.560000000000116
0.4930000000000767
0.4830000000000112
0.49600000000005195
0.5219999999999114
0.6089999999998597
0.6010000000000737
0.5830000000000002
0.4899999999998794
0.5100000000000104
0.4899999999998794
0.5029999999999202
0.5530000000000257
0.5539999999999434
0.4930000000000767
0.50400000000006
0.5140000000001255
0.5070000000000352
0.508000000000175
0.4979999999998874
0.5580000000000584
0.5009999999998627
0.5319999999999769
0.5030000000001422
0.512000000000068
0.5029999999999202
0.5349999999999522
0.5209999999999937
0.5260000000000264
0.5070000000000352
0.5419999999998204
0.5299999999999194
0.520000000000076
0.6649999999999157
0.652000000000097
0.5640000000000089
0.5429999999999602
0.5239999999999689
0.5239999999999689
0.5230000000000512
0.5539999999999434
0.5209999999999937
0.5770000000000497
0.5429999999999602
0.5560000000000009
0.5329999999998947
0.5250000000001087
0.5330000000001167
0.5260000000000264
0.5870000000001152
0.5479999999999929
0.5390000000000672
0.5530000000000257
0.5379999999999274
0.5420000000000424
0.5319999999999769
0.5560000000000009
0.5340000000000344
0.5789999999998852
0.5379999999999274
0.5490000000001327
0.5770000000000497
0.5399999999999849
0.6559999999999899
0.732000000000177
0.5610000000000337
0.5740000000000745
0.5580000000000584
0.5689999999998197
0.5749999999999922
0.5669999999999842
0.5820000000000825
0.5479999999999929
0.5599999999998939
0.5499999999998284
0.58400000000014
0.5769999999998277
0.5869999999998932
0.5910000000000082
0.5550000000000832
0.5889999999999507
0.5660000000000664
0.5589999999999762
0.592000000000148
0.5809999999999427
0.5720000000000169
0.5730000000001567
0.5630000000000912
0.5770000000000497
0.5660000000000664
0.5990000000000162
0.6969999999999477
0.5699999999999594
0.5800000000000249
0.6060000000001065
0.5720000000000169
0.5799999999998029
0.5910000000000082
0.5949999999999012
0.6059999999998844
0.576000000000132
0.5859999999999754
0.5770000000000497
0.5880000000000329
0.6019999999999914
0.5819999999998604
0.5990000000000162
0.5819999999998604
0.6180000000000074
0.6140000000001145
0.6029999999999092
0.6279999999998509
0.6180000000000074
0.5880000000000329
0.5980000000000985
0.5899999999998684
0.6019999999999914
0.6309999999998261
0.6129999999999747
0.6120000000000569
0.6260000000000154
0.5950000000001232
0.6129999999999747
0.6270000000001552
0.6850000000000467
0.6820000000000714
0.6350000000001632
0.6019999999999914
0.6170000000000897
0.6330000000001057
0.7030000000001202
0.6180000000000074
0.6199999999998429
0.6099999999999994
0.6180000000000074
0.636000000000081
0.7060000000000954
0.6300000000001305
0.6110000000001392
0.6230000000000402
0.6220000000001225
0.6140000000001145
0.668000000000113
0.6430000000001712
0.7550000000000612
0.6909999999999972
0.6870000000001042
0.6859999999999644
0.7010000000000627
0.6869999999998821
0.6880000000000219
0.6889999999999397
0.6720000000000059
0.6870000000001042
0.7280000000000619
0.6809999999999317
0.7129999999999637
0.6960000000000299
0.6930000000000547
0.7040000000000379
0.7139999999998814
0.7010000000000627
0.7059999999998734
0.6829999999999892
0.6949999999998902
0.7310000000000372
0.6919999999999149
0.7249999999998646
0.716000000000161
0.7129999999999637
0.6650000000001377
0.6649999999999157
0.6759999999998989
0.6499999999998174
0.6869999999998821
0.6580000000000474
0.6639999999999979
0.6949999999998902
0.6599999999998829
0.6639999999999979
0.6529999999997926
0.7159999999999389
0.6839999999999069
0.6790000000000962
0.6909999999999972
0.676000000000121
0.6740000000000634
0.6650000000001377
0.7090000000000707
0.692000000000137
0.6639999999999979
0.7040000000000379
0.7030000000001202
0.7230000000000292
0.8110000000001172
0.7049999999999557
0.7500000000000284
0.7390000000000452
0.6890000000001617
0.7150000000000212
0.6740000000000634
0.6839999999999069
0.7090000000000707
0.6820000000000714
0.7360000000000699
0.7829999999999782
0.7039999999998159
0.7420000000000204
0.6890000000001617
0.7150000000000212
0.7359999999998479
0.7019999999999804
0.7039999999998159
0.6999999999999229
0.7040000000000379
0.7340000000000124
0.7780000000001674
0.7829999999999782
0.7179999999999964
0.7260000000000044
0.7399999999999629
0.7210000000001937
0.7010000000000627
0.732000000000177
0.7099999999999884
0.7390000000000452
0.7070000000000132
0.7900000000000684
0.7719999999999949
0.7479999999999709
0.756000000000201
0.7299999999998974
0.7110000000001282
0.7460000000001354
0.7179999999999964
0.7390000000000452
0.7309999999998151
0.7239999999999469
0.724000000000169
0.8349999999999191
0.7610000000000117
0.7539999999999214
0.7319999999999549
0.7510000000001682
0.7570000000001187
0.7709999999998551
0.7209999999999717
0.7459999999999134
0.7630000000000692
0.7449999999999957
0.7509999999999462
0.8040000000000269
0.7719999999999949
0.7889999999999286
0.7399999999999629
0.7729999999999126
0.7620000000001514
0.7360000000000699
0.7719999999999949
0.7399999999999629
0.7820000000000604
0.7800000000000029
1.4079999999998538
1.298999999999939
2.7840000000001197
0.8480000000001819
0.8509999999999351
0.7999999999999119
0.8560000000001899
0.9129999999999416
0.8869999999998601
0.9620000000001294
0.9809999999998986
0.8729999999999016
0.8459999999999024
0.8469999999998201
0.8049999999999446
0.7919999999999039
0.7870000000000932
1.0300000000000864
0.9069999999999911
0.8179999999999854
0.8739999999998194
0.9040000000000159
0.8019999999999694
0.8099999999999774
0.7820000000000604
0.7909999999999862
0.8289999999999687
0.8730000000001237
0.8249999999998536
0.9300000000000974
0.8870000000000822
0.8230000000000182
0.8040000000000269
0.8000000000001339
0.7959999999997969
0.8600000000000829
0.8670000000001732
0.8639999999999759
0.8000000000001339
0.8620000000001404
0.9170000000000567
0.9240000000001469
0.9220000000000894
0.8500000000000174
0.8429999999999271
0.8289999999999687
0.8559999999999679
0.8320000000001659
0.8009999999998296
0.8099999999999774
0.8240000000001579
0.8509999999999351
0.8699999999999264
0.9320000000001549
1.1399999999999189
0.8799999999999919
0.9390000000000231
0.9790000000000632
0.8340000000000014
0.8230000000000182
0.7919999999999039
0.8680000000000909
0.8829999999999671
0.8779999999999344
0.9069999999999911
0.9639999999999649
1.0130000000001527
1.0860000000001424
0.9920000000001039
0.9630000000000472
0.8479999999999599
0.8259999999999934
0.8559999999999679
0.8909999999999751
0.8870000000000822
0.8680000000000909
0.8369999999999767
0.9080000000001309
0.8649999999998936
0.8379999999998944
0.8390000000000342
0.8559999999999679
0.9019999999999584
0.9369999999999656
0.9939999999999394
1.0890000000001177
0.8820000000000494
0.8900000000000574
0.8960000000000079
0.8500000000000174
0.8879999999999999
0.8590000000001652
0.8989999999999831
0.8920000000001149
0.8940000000001724
0.8580000000000254
0.8630000000000582
0.8890000000001397
0.8969999999999256
0.8799999999999919
0.8259999999999934
0.9269999999999001
0.9040000000000159
0.9459999999998914
0.9069999999999911
0.8839999999998849
0.8870000000000822
0.8770000000000167
0.9169999999998346
0.8899999999998354
0.8690000000000087
0.8980000000000654
0.8949999999998681
0.8950000000000902
0.9749999999999481
0.9129999999999416
0.8790000000000742
0.8920000000001149
0.9000000000001229
0.9539999999998994
0.8969999999999256
0.8960000000000079
0.8770000000000167
0.9349999999999081
0.9809999999998986
0.8960000000000079
0.9030000000000982
0.8900000000000574
0.9310000000000151
0.9090000000000487
0.8999999999999009
0.8619999999999184
0.9060000000000734
0.9130000000001637
0.9679999999998579
0.9809999999998986
0.9699999999999154
0.8950000000000902
0.8890000000001397
0.9199999999998099
0.9400000000001629
0.9110000000001062
0.8989999999999831
0.9230000000000071
1.0379999999998724
0.9190000000001142
0.9090000000000487
0.9030000000000982
0.9240000000001469
0.9149999999999991
0.9040000000000159
0.9259999999999824
0.9090000000000487
0.9509999999999241
0.9149999999999991
0.9129999999999416
0.9179999999999744
0.9440000000000559
0.9239999999999249
0.9220000000000894
0.8850000000000247
0.9339999999999904
0.9349999999999081
0.9219999999998674
0.9230000000000071
0.9220000000000894
0.9590000000001542
0.9250000000000647
0.9280000000000399
0.9230000000000071
0.9440000000000559
0.9310000000000151
0.9189999999998921
1.0189999999998811
0.9580000000000144
0.9289999999999576
0.9339999999999904
0.9390000000000231
0.9419999999999984
0.9500000000000064
0.9399999999999409
0.9329999999998506
0.9549999999998171
0.9630000000000472
0.9490000000000887
0.9550000000000392
0.9399999999999409
0.9700000000001374
0.9450000000001957
0.9439999999998339
0.9449999999999736
0.9719999999999729
0.9470000000000312
0.9509999999999241
0.9550000000000392
0.9759999999998659
0.9509999999999241
0.9509999999999241
