0.3140000000000087
0.4170000000000007
0.43299999999998895
0.4559999999999842
0.44299999999999895
0.4709999999999992
0.44500000000000095
0.4740000000000022
0.44500000000000095
0.4750000000000032
0.4649999999999932
0.4770000000000052
0.44700000000000295
0.4720000000000002
0.4579999999999862
0.45200000000000795
0.48199999999998244
0.45400000000000995
0.48199999999998244
0.4720000000000002
0.5040000000000044
0.45600000000001195
0.48599999999998644
0.45200000000000795
0.5049999999999777
0.45300000000000895
0.48599999999998644
0.4750000000000032
0.49399999999999444
0.45600000000001195
0.48399999999998444
0.45600000000001195
0.48599999999998644
0.45700000000001295
0.48599999999998644
0.4740000000000022
0.49799999999999844
0.4599999999999882
0.4900000000000182
0.4599999999999882
0.48899999999998944
0.46200000000001795
0.4900000000000182
0.4780000000000062
0.5010000000000014
0.46300000000001895
0.49199999999999244
0.4659999999999942
0.49499999999999544
0.4669999999999952
0.49699999999999744
0.4679999999999962
0.5209999999999937
0.4699999999999982
0.49799999999999844
0.4689999999999972
0.5130000000000134
0.48699999999998744
0.5040000000000044
0.4709999999999992
0.5090000000000094
0.4709999999999992
0.5230000000000234
0.4730000000000012
0.5020000000000024
0.4730000000000012
0.5020000000000024
0.4750000000000032
0.5199999999999927
0.49399999999999444
0.5050000000000054
0.4770000000000052
0.5059999999999787
0.4780000000000062
0.5080000000000084
0.47899999999997944
0.5219999999999947
0.49799999999999844
0.5090000000000094
0.4820000000000102
0.5119999999999847
0.4830000000000112
0.5099999999999827
0.4840000000000122
0.5209999999999937
0.48599999999998644
0.5229999999999957
0.4850000000000132
0.5129999999999857
0.48599999999998644
0.5169999999999897
0.5150000000000432
0.5049999999999777
0.5169999999999897
0.48799999999998844
0.5169999999999897
0.4890000000000172
0.5199999999999649
0.4910000000000192
0.5269999999999997
0.49199999999999244
0.5330000000000057
0.4929999999999657
0.5199999999999649
0.4930000000000212
0.5229999999999957
0.4950000000000232
0.5240000000000244
0.5129999999999857
0.5330000000000057
0.49599999999999644
0.5269999999999997
0.5249999999999977
0.49799999999999844
0.5269999999999997
0.5149999999999877
0.5430000000000157
0.5000000000000004
0.5310000000000037
0.5010000000000292
0.5310000000000037
0.5020000000000024
0.5459999999999909
0.5010000000000292
0.5429999999999602
0.5040000000000044
0.5340000000000344
0.5349999999999522
0.5040000000000044
0.5370000000000097
0.5219999999999669
0.5439999999999889
0.5080000000000084
0.5359999999999809
0.5330000000000057
0.5390000000000117
0.5119999999999569
0.5419999999999869
0.5499999999999949
0.5140000000000144
0.5420000000000424
0.5139999999999589
0.5430000000000157
0.5120000000000124
0.5410000000000137
0.5120000000000124
0.5409999999999582
0.5330000000000057
0.5450000000000177
0.5430000000000157
0.5140000000000144
0.5449999999999622
0.5160000000000164
0.5539999999999989
0.5410000000000137
0.5459999999999909
0.5330000000000057
0.5479999999999929
0.5479999999999929
0.5200000000000204
0.5480000000000484
0.5399999999999849
0.5530000000000257
0.5219999999999669
0.5509999999999682
0.5229999999999957
0.5519999999999969
0.5339999999999789
0.5590000000000317
0.5539999999999989
0.5249999999999977
0.5549999999999722
0.5249999999999977
0.5600000000000049
0.5260000000000264
0.5569999999999742
0.5749999999999922
0.5280000000000284
0.5589999999999762
0.5310000000000037
0.5589999999999762
0.5310000000000037
0.5629999999999802
0.5720000000000169
0.5439999999999889
0.5629999999999802
0.5350000000000077
0.5640000000000089
0.5360000000000364
0.5640000000000089
0.5530000000000257
0.5779999999999674
0.5690000000000417
0.5379999999999829
0.5660000000000109
0.5560000000000009
0.5769999999999942
0.5850000000000022
0.5409999999999582
0.5710000000000437
0.5410000000000137
0.5729999999999902
0.5589999999999762
0.5729999999999902
0.5979999999999874
0.5439999999999889
0.5720000000000169
0.5469999999999642
0.5750000000000477
0.5769999999999942
0.5649999999999822
0.5970000000000142
0.5499999999999949
0.5789999999999962
0.5509999999999682
0.5809999999999982
0.5819999999999714
0.5680000000000129
0.5900000000000349
0.5510000000000237
0.5830000000000002
0.5830000000000002
0.5519999999999969
0.5809999999999982
0.5539999999999989
0.5900000000000349
0.6029999999999647
0.5549999999999722
0.5839999999999734
0.5589999999999762
0.5850000000000022
0.6059999999999954
0.5769999999999942
0.5880000000000329
0.5589999999999762
0.5890000000000062
0.5890000000000062
0.5609999999999782
0.5890000000000062
0.5799999999999694
0.5930000000000102
0.5809999999999982
0.5729999999999902
0.5920000000000369
0.5629999999999802
0.6070000000000242
0.6180000000000074
0.5789999999999962
0.5949999999999567
0.5660000000000109
0.5950000000000122
0.5939999999999834
0.5850000000000022
0.5949999999999567
0.5649999999999822
0.5939999999999834
0.5899999999999794
0.5620000000000069
0.5910000000000082
0.5809999999999982
0.5920000000000369
0.5919999999999814
0.5640000000000089
0.5919999999999814
0.5650000000000377
0.5950000000000122
0.6209999999999827
0.5670000000000397
0.5979999999999874
0.5679999999999574
0.5970000000000142
0.6029999999999647
0.5910000000000082
0.6149999999999767
0.5789999999999962
0.6059999999999954
0.6120000000000014
0.5779999999999674
0.6099999999999994
0.6290000000000462
0.5749999999999922
0.6070000000000242
0.5749999999999922
0.6059999999999954
0.6079999999999974
0.5959999999999854
0.6209999999999827
0.5799999999999694
0.6249999999999867
0.6120000000000014
0.5809999999999982
0.6099999999999994
0.6359999999999699
0.5839999999999734
0.6120000000000014
0.5830000000000002
0.6120000000000014
0.6150000000000322
0.5860000000000309
0.6299999999999639
0.6349999999999967
0.5870000000000042
0.6160000000000054
0.5890000000000062
0.6169999999999787
0.6180000000000074
0.6090000000000262
0.6220000000000114
0.6190000000000362
0.5930000000000102
0.6209999999999827
0.6090000000000262
0.6410000000000027
0.6240000000000134
0.5949999999999567
0.6270000000000442
0.6249999999999867
0.5969999999999587
0.6260000000000154
0.6470000000000087
0.6000000000000449
0.6269999999999887
0.5999999999999894
0.6290000000000462
0.7090000000000152
0.7069999999999577
0.6530000000000147
0.6840000000000179
2.4239999999999817
0.7079999999999864
0.6820000000000159
0.6659999999999999
0.6650000000000267
0.6860000000000199
0.6889999999999952
0.7159999999999944
0.7099999999999884
0.6880000000000219
0.7169999999999677
0.6639999999999979
0.6630000000000247
0.6490000000000107
0.6200000000000094
0.6559999999999899
0.6540000000000434
0.6260000000000154
0.6779999999999564
0.6559999999999899
0.7609999999999562
0.6589999999999652
0.6570000000000187
0.6270000000000442
0.6670000000000287
0.6579999999999919
0.6260000000000154
0.6570000000000187
0.6580000000000474
0.6309999999999927
0.6709999999999772
0.6629999999999692
0.6349999999999967
0.6639999999999979
0.6680000000000019
0.6879999999999664
0.6650000000000267
0.6680000000000019
0.6929999999999992
0.6369999999999987
0.6639999999999979
0.6659999999999999
0.6579999999999919
0.6680000000000019
0.6700000000000039
0.6840000000000179
0.6719999999999504
0.6690000000000307
0.6929999999999992
0.6419999999999759
0.6719999999999504
0.6720000000000059
0.6439999999999779
0.6720000000000059
0.6909999999999972
0.6450000000000067
0.6750000000000367
0.6749999999999812
0.6470000000000087
0.6940000000000279
0.6809999999999872
0.6480000000000374
0.7320000000000104
0.7329999999999837
0.6839999999999624
0.6760000000000099
0.6960000000000299
0.6889999999999952
0.6519999999999859
0.7639999999999869
0.6870000000000487
0.7050000000000112
0.6559999999999899
0.6859999999999644
0.6850000000000467
0.6750000000000367
0.7019999999999804
0.6980000000000319
0.6889999999999952
0.6590000000000207
0.6889999999999952
0.7159999999999944
0.7630000000000137
0.6630000000000247
0.6950000000000012
0.6929999999999992
0.6629999999999692
0.6979999999999764
0.7099999999999884
0.6700000000000039
0.7020000000000359
0.6990000000000052
0.7000000000000339
0.6970000000000032
0.7190000000000252
0.7000000000000339
0.7010000000000072
0.6700000000000039
0.7019999999999804
0.7150000000000212
0.6909999999999972
0.7030000000000092
0.7019999999999804
0.7030000000000092
0.6740000000000079
0.7050000000000112
0.7269999999999777
0.6770000000000387
0.7050000000000112
0.7059999999999844
0.7209999999999717
0.7019999999999804
0.7150000000000212
0.7139999999999924
0.7130000000000192
0.6849999999999912
0.7149999999999657
0.7599999999999829
0.6979999999999764
0.6929999999999992
0.7140000000000479
0.7239999999999469
0.6850000000000467
0.7250000000000312
0.7159999999999944
0.7260000000000044
0.6879999999999664
0.7360000000000144
0.7320000000000104
0.7229999999999737
0.6929999999999992
0.7280000000000064
0.7269999999999777
0.7639999999999869
0.6990000000000052
0.7240000000000024
0.7239999999999469
0.7270000000000332
0.7139999999999924
0.7389999999999897
0.7269999999999777
0.7280000000000064
0.6989999999999497
0.7290000000000352
0.7589999999999542
0.7610000000000117
0.7479999999999709
0.7480000000000264
0.7330000000000392
0.7349999999999857
0.7049999999999557
0.7900000000000129
0.7149999999999657
0.7410000000000472
0.7360000000000144
0.7469999999999977
0.7070000000000132
0.7510000000000017
0.7399999999999629
0.7399999999999629
0.7280000000000619
0.7809999999999206
0.7580000000000364
0.7519999999999749
0.7419999999999094
0.7530000000000037
0.7150000000000212
0.8190000000000142
0.7530000000000037
0.7169999999999677
0.7460000000000244
0.7460000000000244
0.7770000000000277
0.7200000000000539
0.7519999999999749
0.7479999999999709
0.7629999999999582
0.7779999999999454
0.7209999999999717
0.7510000000000572
0.7500000000000284
0.7519999999999749
0.7230000000000292
0.8150000000000102
0.8869999999999711
0.8230000000000182
0.7599999999999829
0.7929999999999326
0.7939999999999614
0.7589999999999542
0.7620000000000404
0.7589999999999542
0.7770000000000277
0.7510000000000572
0.7630000000000692
0.7599999999999829
0.7600000000000939
0.8230000000000182
0.9660000000000224
0.7690000000000197
0.7730000000000237
0.7639999999999869
0.7639999999999869
0.7880000000000109
0.7369999999999877
0.7690000000000197
0.7660000000000444
0.7679999999999909
0.7619999999999294
0.7719999999999949
0.7690000000000197
0.7750000000000812
0.7759999999999989
0.7589999999999542
0.7869999999999822
0.7719999999999949
0.7880000000000109
0.7759999999999989
0.8829999999999671
1.1550000000000171
0.8110000000000062
0.7489999999999997
0.8019999999999694
0.7979999999999654
0.7779999999999454
0.7809999999999206
0.7530000000000037
0.8009999999999406
0.7920000000000149
0.7820000000000604
0.7820000000000604
0.7530000000000037
0.8020000000000804
0.8000000000000229
0.7880000000000109
0.7869999999999822
0.7779999999999454
0.7850000000000357
0.8099999999999774
0.8479999999999599
0.7880000000000109
0.7899999999999574
0.7769999999999166
0.8000000000000229
0.8029999999999982
0.7940000000000724
0.7930000000000437
0.8079999999999199
0.7650000000000157
0.8060000000000844
0.8070000000000022
0.7939999999999614
0.8120000000000349
0.8139999999999814
0.7679999999999909
0.7960000000000189
0.7979999999999654
0.8130000000000637
0.8200000000000429
0.7690000000000197
0.8040000000000269
0.9099999999999664
0.8219999999999894
0.8009999999999406
0.7999999999999119
0.8009999999999406
0.7730000000000237
0.8169999999999566
0.8139999999999814
0.8070000000000022
0.8040000000000269
0.7759999999999989
0.8250000000000757
0.8179999999999854
0.8070000000000022
0.8080000000000309
0.8100000000000884
0.8080000000000309
0.7810000000000317
0.8179999999999854
0.8369999999999767
0.8140000000000924
0.8409999999999807
0.8159999999999279
0.7869999999999822
0.8179999999999854
0.8190000000000142
0.8529999999999927
0.8199999999999319
0.8169999999999566
0.7909999999999862
0.8350000000000302
0.8270000000000222
0.8309999999999151
0.8200000000000429
0.8200000000000429
0.8360000000000589
0.8120000000000349
0.8270000000000222
0.8239999999999359
0.8230000000000182
0.8390000000000342
0.8460000000000134
0.8280000000000509
0.7989999999999942
0.8270000000000222
0.8440000000000669
0.8420000000000094
0.8319999999999439
0.8420000000000094
0.8349999999999191
0.8219999999999894
0.8600000000000829
0.9400000000000519
0.9160000000000279
0.8529999999999927
0.8169999999999566
0.8180000000000964
0.8359999999999479
0.8159999999999279
0.8239999999999359
0.8299999999999974
0.8179999999999854
0.8479999999999599
0.8240000000000469
0.8700000000000374
0.8219999999999894
0.8119999999999239
0.8209999999999607
0.8620000000000294
0.8340000000000014
0.8469999999999311
0.8439999999999559
0.8520000000000749
0.8519999999999639
0.8160000000000389
0.8479999999999599
0.8270000000000222
0.8289999999999687
0.8410000000000917
0.8340000000000014
0.8299999999999974
0.8200000000000429
0.8520000000000749
0.8690000000000087
0.8540000000000214
0.8529999999999927
0.8340000000000014
0.8540000000000214
0.8529999999999927
0.8270000000000222
0.8409999999999807
0.8370000000000877
0.8540000000000214
0.8940000000000614
0.8380000000000054
0.8610000000000007
0.8719999999999839
0.8279999999999399
0.9339999999999904
0.8759999999999879
0.8660000000000334
0.8659999999999224
0.8460000000000134
0.8489999999999887
0.8659999999999224
0.8490000000000997
0.8529999999999927
0.8860000000000534
0.8569999999999967
0.8500000000000174
0.8690000000000087
0.8620000000000294
0.8739999999999304
0.8549999999999391
0.8539999999999104
0.8610000000000007
0.8879999999999999
0.8569999999999967
0.8730000000000127
0.8679999999999799
0.8630000000000582
0.8550000000000502
0.8770000000000167
0.8559999999999679
0.9050000000000447
0.8510000000000462
0.8740000000000414
0.8869999999999711
0.8620000000000294
0.9130000000000527
0.8619999999999184
0.8690000000000087
0.8869999999999711
0.8800000000001029
0.9139999999999704
0.9679999999999689
0.9989999999999721
0.9669999999999401
0.9400000000000519
0.8899999999999464
0.8670000000000622
0.8869999999999711
0.8770000000000167
0.8900000000000574
0.8690000000000087
0.8930000000000327
0.8790000000000742
0.8819999999999384
0.8920000000000039
0.8719999999999839
0.8920000000000039
0.8909999999999751
0.8930000000000327
0.8650000000000047
0.8789999999999631
0.8920000000000039
0.8810000000000207
0.8770000000000167
0.8759999999999879
0.8989999999999831
0.9289999999999576
0.9009999999999296
0.8799999999999919
0.8790000000000742
0.9190000000000031
0.8719999999999839
0.9059999999999624
0.8819999999999384
0.9210000000000607
0.9049999999999336
0.9050000000000447
0.8869999999999711
0.9079999999999089
0.9159999999999169
0.8870000000000822
0.9019999999999584
0.8890000000000287
0.9010000000000407
0.8909999999999751
0.8789999999999631
0.8920000000000039
0.9119999999999129
0.9230000000000071
0.9240000000000359
0.9149999999999991
0.8960000000000079
0.9259999999999824
0.8960000000000079
0.8940000000000614
0.8960000000000079
0.9269999999999001
0.9299999999999864
0.9050000000000447
0.9219999999999784
0.9149999999999991
0.9299999999999864
0.8899999999999464
0.9000000000000119
0.9109999999999951
0.9569999999999856
0.9029999999999871
0.9040000000000159
0.9250000000000647
0.9040000000000159
0.9270000000000111
0.9069999999999911
0.9059999999999624
0.9300000000000974
0.9559999999999569
0.9100000000000774
0.9079999999999089
0.9339999999999904
0.9609999999999896
0.9099999999999664
0.9310000000000151
0.9139999999999704
0.9029999999999871
0.9250000000000647
0.9149999999999991
0.9510000000000352
0.9179999999999744
0.9299999999999864
0.9200000000000319
0.9400000000000519
0.9169999999999456
0.9539999999998994
0.9180000000000854
0.9200000000000319
0.9209999999999496
0.9360000000000479
0.9529999999999816
0.9209999999999496
0.9299999999999864
0.9590000000000432
0.9649999999999936
0.9439999999999449
0.9230000000000071
0.9390000000000231
0.9519999999999529
0.9750000000000592
0.9330000000000727
0.9669999999999401
0.9489999999999776
0.9520000000000639
0.9289999999999576
0.9609999999999896
0.9390000000000231
0.9330000000000727
0.9319999999999329
0.9320000000000439
0.9599999999999609
0.9259999999999824
0.9370000000000767
0.9580000000000144
0.9660000000000224
0.9479999999999489
0.9599999999999609
0.9409999999999696
0.9549999999999281
0.9500000000000064
0.9390000000000231
0.9679999999999689
0.9559999999999569
0.9529999999999816
0.9649999999999936
0.9419999999999984
0.9799999999999809
0.9540000000000104
0.9449999999999736
0.9440000000000559
0.9460000000000024
0.9670000000000512
0.9630000000000472
0.9560000000000679
0.9710000000000552
1.0040000000000049
0.9719999999999729
0.9730000000000016
0.9519999999999529
0.9830000000000672
0.9539999999998994
0.9569999999999856
0.9529999999999816
0.9689999999999976
0.9879999999999889
0.9549999999999281
0.9780000000000344
0.9670000000000512
0.9890000000000176
0.9580000000000144
0.9580000000000144
0.9899999999999354
0.9660000000000224
0.9630000000000472
0.9809999999998986
0.9689999999999976
0.9940000000000504
0.9829999999999561
0.9989999999999721
0.9659999999999114
0.9759999999999769
0.9630000000000472
0.9669999999999401
0.9820000000000384
0.9980000000000544
0.9879999999999889
0.9899999999999354
0.9689999999999976
1.0030000000000872
0.9699999999999154
0.9719999999999729
0.9860000000000424
1.0050000000000336
0.9730000000000016
0.9970000000000256
0.9719999999999729
1.0049999999999226
0.9749999999999481
1.020000000000021
0.9829999999999561
0.9939999999999394
0.9829999999999561
0.9780000000000344
1.0150000000000992
0.9970000000000256
1.0000000000000009
0.9800000000000919
0.9830000000000672
1.0020000000000584
1.0020000000000584
0.9809999999998986
0.9820000000000384
1.0009999999999186
1.0060000000000624
0.9839999999999849
1.0060000000000624
1.0060000000000624
0.9859999999999314
0.9879999999999889
1.0260000000000824
1.0140000000000704
0.9919999999999929
0.9930000000000216
1.0329999999999506
1.0069999999999801
1.0179999999999634
0.9959999999999969
1.0139999999999594
1.0310000000000041
1.0050000000000336
1.0270000000000001
1.0350000000000081
1.0220000000000784
1.0020000000000584
1.0219999999999674
1.0489999999999666
1.0060000000000624
1.0029999999999761
1.0000000000000009
1.0430000000000161
1.0069999999999801
1.0270000000000001
1.0290000000000576
1.028000000000029
1.0289999999999466
1.0069999999999801
1.0080000000000089
1.040000000000041
1.0060000000000624
1.0080000000000089
1.020000000000021
1.0470000000000201
1.0080000000000089
1.0299999999999754
1.024000000000025
1.0310000000000041
1.016000000000017
1.0109999999999841
1.0350000000000081
1.036000000000037
1.0149999999999881
1.0399999999999299
1.0860000000000314
1.0169999999999346
1.016000000000017
1.0150000000000992
1.0670000000000401
1.0379999999999834
1.0180000000000744
1.0189999999999921
1.0689999999999866
1.0289999999999466
1.048000000000049
1.0369999999999546
1.0329999999999506
1.0229999999999961
1.0239999999999139
1.0590000000000321
1.0519999999999419
1.0470000000000201
1.0270000000000001
1.0739999999999084
1.0499999999999954
1.0270000000000001
1.0490000000000776
1.064000000000065
1.052000000000053
1.0290000000000576
1.0339999999999794
1.1030000000000761
1.056000000000057
