0.011000000000000593
0.007000000000000062
0.017000000000003124
0.05000000000000143
0.005999999999999062
0.007000000000000062
0.006000000000002531
0.007000000000000062
0.007000000000000062
0.008000000000001062
0.008000000000001062
0.008000000000001062
0.008999999999998592
0.008999999999998592
0.008999999999998592
0.008999999999998592
0.008999999999998592
0.009999999999999593
0.010999999999997123
0.011000000000000593
0.010999999999997123
0.012000000000001593
0.012000000000001593
0.011999999999998123
0.012999999999999123
0.011999999999998123
0.012999999999999123
0.012999999999999123
0.014000000000000123
0.014000000000000123
0.014000000000000123
0.014999999999997654
0.015000000000001124
0.016000000000002124
0.016000000000002124
0.016000000000002124
0.016999999999999654
0.016000000000002124
0.016999999999999654
0.016999999999999654
0.04699999999999843
0.018999999999998185
0.018999999999998185
0.019000000000001654
0.019000000000001654
0.018999999999998185
0.018999999999998185
0.019999999999999185
0.020000000000002655
0.021000000000000185
0.021000000000000185
0.021999999999997716
0.022000000000001185
0.022000000000001185
0.022000000000001185
0.022999999999998716
0.022999999999998716
0.022999999999998716
0.022999999999998716
0.06300000000000056
0.025000000000000716
0.023999999999999716
0.025000000000000716
0.025000000000000716
0.025999999999998247
0.026000000000001716
0.026000000000001716
0.027000000000002716
0.027000000000002716
0.027000000000002716
0.028000000000000247
0.028000000000000247
0.027999999999996777
0.028000000000000247
0.028999999999997778
0.029999999999998778
0.029000000000001247
0.030000000000002247
0.030000000000002247
0.029999999999998778
0.029999999999998778
0.030999999999999778
0.031000000000003247
0.03200000000000078
0.03200000000000078
0.03200000000000078
0.03200000000000078
0.03300000000000178
0.03299999999999831
0.06400000000000156
0.03399999999999931
0.03399999999999931
0.03500000000000031
0.03500000000000031
0.03600000000000131
0.03600000000000131
0.03599999999999784
0.03699999999999884
0.03699999999999884
0.03699999999999884
0.03699999999999884
0.03799999999999984
0.03799999999999984
0.03799999999999984
0.03900000000000084
0.03899999999999737
0.03900000000000084
0.04000000000000184
0.04000000000000184
0.03999999999999837
0.04099999999999937
0.04099999999999937
0.04099999999999937
0.061999999999999555
0.05099999999999896
0.0429999999999979
0.04300000000000137
0.04300000000000137
0.0429999999999979
0.0439999999999989
0.0439999999999989
0.0439999999999989
0.0449999999999999
0.0449999999999999
0.0449999999999999
0.0449999999999999
0.04599999999999743
0.0460000000000009
0.0470000000000019
0.0470000000000019
0.04699999999999843
0.04799999999999943
0.04799999999999943
0.04799999999999943
0.07700000000000068
0.04900000000000043
0.05000000000000143
0.04900000000000043
0.04999999999999796
0.04999999999999796
0.05099999999999896
0.05099999999999896
0.05099999999999896
0.05099999999999896
0.05199999999999996
0.05199999999999996
0.05199999999999996
0.05300000000000096
0.07500000000000215
0.053999999999998494
0.053999999999998494
0.08400000000000074
0.056000000000000494
0.053999999999998494
0.054999999999999494
0.055999999999997024
0.056000000000000494
0.056000000000000494
0.056000000000000494
0.055999999999997024
0.056999999999998024
0.057000000000001494
0.058000000000002494
0.058000000000002494
0.057999999999999025
0.059000000000000025
0.059000000000000025
0.059000000000000025
0.0910000000000008
0.060999999999998555
0.060000000000001025
0.060999999999998555
0.060999999999998555
0.061999999999999555
0.061999999999999555
0.061999999999999555
0.06300000000000056
0.06300000000000056
0.06299999999999709
0.06300000000000056
0.06399999999999809
0.06399999999999809
0.06400000000000156
0.09299999999999933
0.06600000000000009
0.06500000000000256
0.06499999999999909
0.06600000000000009
0.06699999999999762
0.06700000000000109
0.0869999999999968
0.07099999999999815
0.06799999999999862
0.06899999999999962
0.06799999999999862
0.06800000000000209
0.06899999999999962
0.06899999999999962
0.06899999999999962
0.0999999999999994
0.07200000000000262
0.07100000000000162
0.13599999999999723
0.12799999999999964
0.07400000000000115
0.07300000000000015
0.07300000000000015
0.07300000000000015
0.07400000000000115
0.11500000000000052
0.07499999999999868
0.07499999999999868
0.07499999999999868
0.07499999999999868
0.07499999999999868
0.10699999999999946
0.07700000000000068
0.07599999999999968
0.07599999999999968
0.07699999999999721
0.07700000000000068
0.09500000000000133
0.07899999999999921
0.07800000000000168
0.07899999999999921
0.07899999999999921
0.10999999999999899
0.08000000000000021
0.07999999999999674
0.08000000000000021
0.08000000000000021
0.08000000000000021
0.08099999999999774
0.08100000000000121
0.08100000000000121
0.08199999999999874
0.08199999999999874
0.08199999999999874
0.11200000000000099
0.0839999999999938
0.08400000000000074
0.08400000000000074
0.08400000000000074
0.0839999999999938
0.08400000000000074
0.08500000000000174
0.08500000000000174
0.0859999999999958
0.10299999999999893
0.11599999999999805
0.0879999999999978
0.08700000000000374
0.0879999999999978
0.0879999999999978
0.10799999999999699
0.0889999999999988
0.0889999999999988
0.0889999999999988
0.0889999999999988
0.11899999999999411
0.0910000000000008
0.0910000000000008
0.09099999999999386
0.0910000000000008
0.0920000000000018
0.09199999999999486
0.0930000000000028
0.09199999999999486
0.0930000000000028
0.14200000000000323
0.09499999999999786
0.09499999999999786
0.09499999999999786
0.09599999999999886
0.09599999999999886
0.09599999999999886
0.09699999999999986
0.09699999999999986
0.09699999999999986
0.13500000000000317
0.09800000000000086
0.09800000000000086
0.09800000000000086
0.09800000000000086
0.09899999999999493
0.09900000000000186
0.09899999999999493
0.11800000000000005
0.12999999999999817
0.10099999999999693
0.10100000000000386
0.10100000000000386
0.10199999999999793
0.14000000000000123
0.10800000000000393
0.10399999999999993
0.10300000000000586
0.10399999999999993
0.10299999999999893
0.10299999999999893
0.10500000000000093
0.13900000000000023
0.10600000000000193
0.10500000000000093
0.10499999999999399
0.10600000000000193
0.10699999999999599
0.10600000000000193
0.10699999999999599
0.10700000000000293
0.13900000000000023
0.10899999999999799
0.10900000000000493
0.10900000000000493
0.10899999999999799
0.10899999999999799
0.10999999999999899
0.10999999999999899
0.1460000000000003
0.11200000000000099
0.11099999999999999
0.11099999999999999
0.11200000000000099
0.13599999999999723
0.11499999999999705
0.11300000000000199
0.11399999999999605
0.11400000000000299
0.11399999999999605
0.11400000000000299
0.1470000000000013
0.11599999999999805
0.11599999999999805
0.11500000000000399
0.11600000000000499
0.11600000000000499
0.11699999999999905
0.11700000000000599
0.1480000000000023
0.11900000000000105
0.11800000000000005
0.11800000000000005
0.11900000000000105
0.13699999999999823
0.11999999999999511
0.12000000000000205
0.16000000000000042
0.12100000000000305
0.11999999999999511
0.12100000000000305
0.12200000000000405
0.12299999999999811
0.12199999999999711
0.12199999999999711
0.15300000000000036
0.12399999999999911
0.12399999999999911
0.12399999999999911
0.12499999999999317
0.1250000000000001
0.14100000000000223
0.15599999999999642
0.1260000000000011
0.12599999999999417
0.1270000000000021
0.1759999999999956
0.18399999999999667
0.1449999999999993
0.1429999999999973
0.1429999999999973
0.1439999999999983
0.1439999999999983
0.1779999999999976
0.13099999999999917
0.12999999999999817
0.13099999999999917
0.13099999999999917
0.13099999999999917
0.13099999999999917
0.13200000000000017
0.16700000000000048
0.13300000000000117
0.13200000000000017
0.15799999999999842
0.13399999999999523
0.13400000000000217
0.19299999999999873
0.13599999999999723
0.13499999999999623
0.13600000000000417
0.13599999999999723
0.13799999999999923
0.13799999999999923
0.16599999999999948
0.13699999999999823
0.13699999999999823
0.13700000000000517
0.13799999999999923
0.13799999999999923
0.13799999999999923
0.16800000000000148
0.14000000000000123
0.14000000000000123
0.14000000000000123
0.14000000000000123
0.14000000000000123
0.1520000000000063
0.16200000000000242
0.1419999999999963
0.14200000000000323
0.1419999999999963
0.1429999999999973
0.14300000000000423
0.1850000000000046
0.17900000000000554
0.19500000000000073
0.2360000000000001
0.20299999999999485
0.19199999999999773
0.1470000000000013
0.1460000000000003
0.1460000000000003
0.1460000000000003
0.1470000000000013
0.17700000000000354
0.14799999999999536
0.1480000000000023
0.14799999999999536
0.1490000000000033
0.14899999999999636
0.16900000000000248
0.14999999999999736
0.14999999999999736
0.1500000000000043
0.1500000000000043
0.15199999999999936
0.15099999999999836
0.1810000000000006
0.15199999999999936
0.15300000000000036
0.1820000000000016
0.15300000000000036
0.15400000000000136
0.18299999999999567
0.15500000000000236
0.15399999999999442
0.15400000000000136
0.15499999999999542
0.15500000000000236
0.18499999999999767
0.15699999999999742
0.15699999999999742
0.15600000000000336
0.15700000000000436
0.15799999999999842
0.18899999999999473
0.15899999999999942
0.15899999999999942
0.15899999999999942
0.17500000000000154
0.16000000000000042
0.17800000000000454
0.16000000000000042
0.16100000000000142
0.1799999999999996
0.16200000000000242
0.19299999999999873
0.16299999999999648
0.16299999999999648
0.16300000000000342
0.16399999999999748
0.16399999999999748
0.19199999999999773
0.16499999999999848
0.16499999999999848
0.16499999999999848
0.16499999999999848
0.16599999999999948
0.19500000000000073
0.16599999999999948
0.16599999999999948
0.16599999999999948
0.16700000000000048
0.2289999999999931
0.1830000000000026
0.1880000000000076
0.18799999999999373
0.16900000000000248
0.22099999999999898
0.17100000000000448
0.17000000000000348
0.1699999999999896
0.17000000000000348
0.17100000000000448
0.20300000000000873
0.1719999999999916
0.17300000000000648
0.1729999999999926
0.17200000000000548
0.20199999999999385
0.1739999999999936
0.17400000000000748
0.1739999999999936
0.1739999999999936
0.20900000000000085
0.17600000000000948
0.17500000000000848
0.19600000000000173
0.17700000000001048
0.1759999999999956
0.20900000000000085
0.43999999999999595
0.43999999999999595
0.2360000000000001
0.2309999999999951
0.2520000000000022
0.26299999999999935
0.21000000000000185
0.20900000000000085
0.20900000000000085
0.27199999999999447
0.1830000000000026
0.1820000000000016
0.21000000000000185
0.18299999999998873
0.21200000000000385
0.1830000000000026
0.1830000000000026
0.1830000000000026
0.1830000000000026
0.21299999999999097
0.1840000000000036
0.18399999999998973
0.1850000000000046
0.18599999999999173
0.21500000000000685
0.18699999999999273
0.1860000000000056
0.18699999999999273
0.1870000000000066
0.21599999999999397
0.18799999999999373
0.1880000000000076
0.20999999999998797
0.1890000000000086
0.21899999999999697
0.18999999999999573
0.18899999999999473
0.18999999999999573
0.19099999999999673
0.21900000000001085
0.1910000000000106
0.1910000000000106
0.19199999999999773
0.19199999999999773
0.2329999999999971
0.19399999999999973
0.19299999999999873
0.19299999999999873
0.19399999999999973
0.2249999999999891
0.19500000000000073
0.21200000000000385
0.19700000000000273
0.19599999999998785
0.2360000000000001
0.19700000000000273
0.19700000000000273
0.19699999999998885
0.22800000000000598
0.19799999999998985
0.19900000000000473
0.19800000000000373
0.19900000000000473
0.22800000000000598
0.20000000000000573
0.19900000000000473
0.20099999999999285
0.20000000000000573
0.22900000000000698
0.20199999999999385
0.22199999999999998
0.20299999999999485
0.2410000000000051
0.20299999999999485
0.20299999999999485
0.20300000000000873
0.20399999999999585
0.2329999999999971
0.27699999999999947
0.2339999999999981
0.2819999999999906
0.3019999999999967
0.27699999999999947
0.23899999999998922
0.27800000000000047
0.21500000000000685
0.23500000000001298
0.21600000000000785
0.26400000000000035
0.20999999999998797
0.20799999999999985
0.20799999999999985
0.20900000000000085
0.2390000000000031
0.21099999999998897
0.22600000000000398
0.21100000000000285
0.2390000000000031
0.21200000000000385
0.21099999999998897
0.21100000000000285
0.21200000000000385
0.24299999999999322
0.21399999999999197
0.23000000000000798
0.21499999999999297
0.26099999999999735
0.21500000000000685
0.21499999999999297
0.21500000000000685
0.2460000000000101
0.21600000000000785
0.21599999999999397
0.21700000000000885
0.22700000000000498
0.2360000000000001
0.21799999999999597
0.24499999999999522
0.26099999999999735
0.2349999999999991
0.21899999999999697
0.21899999999999697
0.21999999999999797
0.2500000000000002
0.22099999999999898
0.21999999999999797
0.22099999999999898
0.2500000000000002
0.22300000000000098
0.2410000000000051
0.22300000000000098
0.27099999999999347
0.23300000000001098
0.2259999999999901
0.22900000000000698
0.26299999999999935
0.22600000000000398
0.22500000000000298
0.22500000000000298
0.25799999999999434
0.2259999999999901
0.22600000000000398
0.22700000000000498
0.2560000000000062
0.22700000000000498
0.2460000000000101
0.2289999999999931
0.28100000000000347
0.2380000000000021
0.2299999999999941
0.22900000000000698
0.26400000000000035
0.23100000000000898
0.2309999999999951
0.2309999999999951
0.25999999999999635
0.23200000000000998
0.23100000000000898
0.2319999999999961
0.26099999999999735
0.2329999999999971
0.28000000000000247
0.2339999999999981
0.27299999999999547
0.23899999999998922
0.2349999999999991
0.2349999999999991
0.27699999999999947
0.24899999999999922
0.2360000000000001
0.2360000000000001
0.26700000000000335
0.2370000000000011
0.2380000000000021
0.2380000000000021
0.26899999999999147
0.2400000000000041
0.2380000000000021
0.23899999999998922
0.26800000000000435
0.23999999999999022
0.28900000000001147
0.27599999999999847
0.2410000000000051
0.24099999999999122
0.2410000000000051
0.27099999999999347
0.24299999999999322
0.2420000000000061
0.24299999999999322
0.27200000000000835
0.2440000000000081
0.24299999999999322
0.2440000000000081
0.28800000000001047
0.24599999999999622
0.27099999999999347
0.24899999999999922
0.24699999999999722
0.24699999999999722
0.2920000000000006
0.24899999999999922
0.24799999999999822
0.27699999999999947
0.24799999999999822
0.24799999999999822
0.24899999999999922
0.2819999999999906
0.2500000000000002
0.2989999999999937
0.3060000000000007
0.27199999999999447
0.2930000000000016
0.2520000000000022
0.2510000000000012
0.2510000000000012
0.2960000000000046
0.2530000000000032
0.2530000000000032
0.2530000000000032
0.28900000000001147
0.2550000000000052
0.27100000000000735
0.2909999999999996
0.3039999999999987
0.25599999999999234
0.28200000000000447
0.2560000000000062
0.3049999999999997
0.26500000000000135
0.25699999999999334
0.2899999999999986
0.2590000000000092
0.25799999999999434
0.25799999999999434
0.29000000000001247
0.25999999999998247
0.2600000000000102
0.25999999999998247
0.28900000000001147
0.31899999999998596
0.28600000000000847
0.3620000000000012
0.2690000000000192
0.33299999999999996
0.26399999999998647
0.2620000000000122
0.2630000000000132
0.2939999999999887
0.2640000000000142
0.26399999999998647
0.29400000000001647
0.26499999999998747
0.26399999999998647
0.2650000000000152
0.2939999999999887
0.26699999999998947
0.28900000000001147
0.27199999999999447
0.26699999999998947
0.27900000000000147
0.26999999999999247
0.2680000000000182
0.26799999999999047
0.2989999999999937
0.26999999999999247
0.2700000000000202
0.3060000000000007
0.2700000000000202
0.26999999999999247
0.27099999999999347
0.32299999999998996
0.27299999999999547
0.2720000000000222
0.31399999999998096
0.2959999999999907
0.3049999999999997
0.27399999999999647
0.27499999999999747
0.3060000000000007
0.27499999999999747
0.27599999999999847
0.27599999999999847
0.3039999999999987
0.27599999999999847
0.27699999999999947
0.3049999999999997
0.27800000000000047
0.3140000000000087
0.2809999999999757
0.27800000000000047
0.3100000000000047
0.27900000000000147
0.27900000000000147
0.3080000000000027
0.2809999999999757
0.28000000000000247
0.28100000000000347
0.3110000000000057
0.2979999999999927
0.28200000000000447
0.32499999999999196
0.2909999999999857
0.34100000000000796
0.3110000000000057
0.2839999999999787
0.3260000000000207
0.28500000000000747
0.28400000000000647
0.31399999999998096
0.28600000000000847
0.28600000000000847
0.31499999999998196
0.28700000000000947
0.28700000000000947
0.2869999999999817
0.3160000000000107
0.3039999999999987
0.2889999999999837
0.3529999999999922
0.3670000000000062
0.2909999999999857
0.29000000000001247
0.33600000000000296
0.2909999999999857
0.29100000000001347
0.31999999999998696
0.29200000000001447
0.29200000000001447
0.3019999999999967
0.3140000000000087
0.2929999999999877
0.33600000000000296
0.32899999999999596
0.3130000000000077
0.2939999999999887
0.32299999999998996
0.29500000000001747
0.29400000000001647
0.32499999999999196
0.2959999999999907
0.29600000000001847
0.32499999999999196
0.2979999999999927
0.2969999999999917
0.34100000000000796
0.2979999999999927
0.3200000000000147
0.32999999999999696
0.2989999999999937
0.2999999999999947
0.32799999999999496
0.2999999999999947
0.3160000000000107
0.31199999999997896
0.3180000000000127
0.3019999999999967
0.3019999999999967
0.33400000000000096
0.3650000000000042
0.37099999999998245
0.3479999999999872
0.34200000000000896
0.3660000000000052
0.3070000000000017
0.3039999999999987
0.33500000000000196
0.3060000000000007
0.3049999999999997
0.33500000000000196
0.3060000000000007
0.33700000000000396
0.33700000000000396
0.3080000000000027
0.3080000000000027
0.33700000000000396
0.3080000000000027
0.3080000000000027
0.3379999999999772
0.3100000000000047
0.3100000000000047
0.34000000000000696
0.3100000000000047
0.34500000000001196
0.44900000000000495
0.4370000000000207
0.3589999999999982
0.3479999999999872
0.33900000000000596
0.37099999999998245
0.32999999999999696
0.3140000000000087
0.34300000000000996
0.31399999999998096
0.33299999999999996
0.3670000000000062
0.31599999999998296
0.3160000000000107
0.3479999999999872
0.3160000000000107
0.31599999999998296
0.35700000000002396
0.3180000000000127
0.3180000000000127
0.34600000000001296
0.33500000000000196
0.31999999999998696
0.3569999999999962
0.3200000000000147
0.31999999999998696
0.34900000000001596
0.3210000000000157
0.32099999999998796
0.35000000000001696
0.32199999999998896
0.32199999999998896
0.3640000000000032
0.32299999999998996
0.3830000000000222
0.32399999999999096
0.32299999999998996
0.3549999999999942
0.32499999999999196
0.3240000000000187
0.3539999999999932
0.32499999999999196
0.32599999999999296
0.3549999999999942
0.3260000000000207
0.3429999999999822
0.3579999999999972
0.32799999999999496
0.35500000000002196
0.4340000000000177
0.39100000000000246
0.4230000000000067
0.32999999999999696
0.3489999999999882
0.3710000000000102
0.3690000000000082
0.37099999999998245
0.33199999999999896
0.33199999999999896
0.3610000000000002
0.33299999999999996
0.33299999999999996
0.3620000000000012
0.33400000000000096
0.33400000000000096
0.3650000000000042
0.33500000000000196
0.33500000000000196
0.3740000000000132
0.33700000000000396
0.38900000000000046
0.33800000000000496
0.33700000000000396
0.3660000000000052
0.33700000000000396
0.33800000000000496
0.3680000000000072
0.33900000000000596
0.3389999999999782
0.38900000000000046
0.3640000000000032
0.3720000000000112
0.3429999999999822
0.34400000000001096
0.37099999999998245
0.34200000000000896
0.34100000000000796
0.36999999999998145
0.34200000000000896
0.34200000000000896
0.3889999999999727
0.3620000000000012
0.3740000000000132
0.3439999999999832
0.3579999999999972
0.4920000000000202
0.34700000000001396
0.37899999999999046
0.34700000000001396
0.3459999999999852
0.39200000000000346
0.3670000000000062
0.3479999999999872
0.38599999999999746
0.34800000000001496
