0.009000000000002062
0.005999999999999062
0.005999999999999062
0.005999999999999062
0.005999999999999062
0.006000000000002531
0.007000000000000062
0.007000000000000062
0.007000000000000062
0.007000000000000062
0.007999999999997592
0.009000000000002062
0.008000000000001062
0.008999999999998592
0.008999999999998592
0.008999999999998592
0.009999999999999593
0.010999999999997123
0.009999999999999593
0.011000000000000593
0.010999999999997123
0.011000000000000593
0.027000000000002716
0.012999999999999123
0.014000000000000123
0.012999999999999123
0.014000000000000123
0.014000000000000123
0.015000000000001124
0.015000000000001124
0.015999999999998654
0.015999999999998654
0.016999999999999654
0.015999999999998654
0.016999999999999654
0.018000000000000654
0.022000000000001185
0.04000000000000184
0.022999999999998716
0.018000000000000654
0.017999999999997185
0.018000000000000654
0.018999999999998185
0.018999999999998185
0.019000000000001654
0.019000000000001654
0.019000000000001654
0.020000000000002655
0.021000000000000185
0.021000000000000185
0.021000000000000185
0.03399999999999931
0.022000000000001185
0.022000000000001185
0.022999999999998716
0.022999999999998716
0.022999999999998716
0.023999999999999716
0.023999999999999716
0.023999999999999716
0.025000000000000716
0.025000000000000716
0.025000000000000716
0.025999999999998247
0.026000000000001716
0.026000000000001716
0.026999999999999247
0.026999999999999247
0.027000000000002716
0.028000000000000247
0.028000000000000247
0.028000000000000247
0.029000000000001247
0.028999999999997778
0.029000000000001247
0.029000000000001247
0.030000000000002247
0.030000000000002247
0.030999999999999778
0.030999999999999778
0.030999999999999778
0.03200000000000078
0.030999999999999778
0.03200000000000078
0.04200000000000037
0.03399999999999931
0.03299999999999831
0.03300000000000178
0.03399999999999931
0.03400000000000278
0.03399999999999931
0.03500000000000031
0.03500000000000031
0.03500000000000031
0.03599999999999784
0.03699999999999884
0.03600000000000131
0.03700000000000231
0.03800000000000331
0.03700000000000231
0.03799999999999984
0.03799999999999984
0.03799999999999984
0.03900000000000084
0.03900000000000084
0.03900000000000084
0.04000000000000184
0.03999999999999837
0.04000000000000184
0.07099999999999815
0.04200000000000037
0.04099999999999937
0.04200000000000037
0.04200000000000037
0.04200000000000037
0.04300000000000137
0.0429999999999979
0.0429999999999979
0.0439999999999989
0.0439999999999989
0.0449999999999999
0.0449999999999999
0.0449999999999999
0.0449999999999999
0.0460000000000009
0.0460000000000009
0.04599999999999743
0.0470000000000019
0.0470000000000019
0.0470000000000019
0.08499999999999827
0.07200000000000262
0.05300000000000096
0.052999999999997494
0.059000000000000025
0.04900000000000043
0.05000000000000143
0.05000000000000143
0.05099999999999896
0.05099999999999896
0.06999999999999715
0.05199999999999996
0.05199999999999996
0.05099999999999896
0.05199999999999996
0.05199999999999996
0.052999999999997494
0.05300000000000096
0.05400000000000196
0.11900000000000105
0.07899999999999921
0.08499999999999827
0.060000000000001025
0.060999999999998555
0.06399999999999809
0.19199999999999773
0.07800000000000168
0.06899999999999962
0.06899999999999962
0.06700000000000109
0.057999999999999025
0.057999999999999025
0.057999999999999025
0.059000000000000025
0.059000000000000025
0.060000000000001025
0.10899999999999799
0.061000000000002025
0.060000000000001025
0.060999999999998555
0.060999999999998555
0.060999999999998555
0.060999999999998555
0.061999999999999555
0.09599999999999886
0.07100000000000162
0.06400000000000156
0.06399999999999809
0.06399999999999809
0.06400000000000156
0.06400000000000156
0.06500000000000256
0.06500000000000256
0.06499999999999909
0.06600000000000009
0.06600000000000009
0.06600000000000009
0.08299999999999974
0.06800000000000209
0.06700000000000109
0.06699999999999762
0.06799999999999862
0.06799999999999862
0.06899999999999962
0.07000000000000062
0.06899999999999962
0.07000000000000062
0.07000000000000062
0.07000000000000062
0.07100000000000162
0.07099999999999815
0.10500000000000093
0.07199999999999915
0.07199999999999915
0.07200000000000262
0.07300000000000015
0.07300000000000015
0.09199999999999833
0.07399999999999768
0.07399999999999768
0.07400000000000115
0.07500000000000215
0.07500000000000215
0.10600000000000193
0.08000000000000021
0.07599999999999968
0.07700000000000068
0.09900000000000186
0.07700000000000068
0.07700000000000068
0.07800000000000168
0.07799999999999821
0.07799999999999821
0.07799999999999821
0.07799999999999821
0.08000000000000021
0.07899999999999921
0.08000000000000021
0.10900000000000146
0.0910000000000008
0.08000000000000021
0.08100000000000121
0.08099999999999774
0.08099999999999774
0.10799999999999699
0.08299999999999974
0.08299999999999974
0.08299999999999974
0.08299999999999974
0.10900000000000146
0.08499999999999827
0.08500000000000174
0.08500000000000174
0.08499999999999827
0.08599999999999927
0.0859999999999958
0.08600000000000274
0.18299999999999567
0.1439999999999983
0.13900000000000023
0.10899999999999799
0.16900000000000248
0.11600000000000499
0.10300000000000586
0.10300000000000586
0.10300000000000586
0.10399999999999993
0.12299999999999811
0.10500000000000093
0.10500000000000093
0.10700000000000293
0.0940000000000038
0.0950000000000048
0.09599999999999886
0.10299999999999893
0.09299999999999586
0.10399999999999993
0.09399999999999686
0.0940000000000038
0.0940000000000038
0.09499999999999786
0.12399999999999911
0.09599999999999886
0.11099999999999999
0.13600000000000417
0.16700000000000048
0.10599999999999499
0.09800000000000086
0.09800000000000086
0.11200000000000099
0.09900000000000186
0.09799999999999393
0.09800000000000086
0.09999999999999593
0.09900000000000186
0.09899999999999493
0.10000000000000286
0.10099999999999693
0.10099999999999693
0.11200000000000099
0.10199999999999793
0.10199999999999793
0.10299999999999893
0.10199999999999793
0.10199999999999793
0.10299999999999893
0.10299999999999893
0.10399999999999993
0.11499999999999705
0.10500000000000093
0.10500000000000093
0.10500000000000093
0.10599999999999499
0.10700000000000293
0.10599999999999499
0.10600000000000193
0.10699999999999599
0.1280000000000031
0.10900000000000493
0.10800000000000393
0.10899999999999799
0.10899999999999799
0.10899999999999799
0.10999999999999899
0.10999999999999899
0.10999999999999899
0.15799999999999842
0.11899999999999411
0.11200000000000099
0.11200000000000099
0.11200000000000099
0.13599999999999723
0.11400000000000299
0.11299999999999505
0.11400000000000299
0.19199999999999773
0.1250000000000001
0.1290000000000041
0.16900000000000248
0.13400000000000217
0.13099999999999917
0.13300000000000117
0.13500000000000317
0.13200000000000017
0.12999999999999817
0.17000000000000348
0.13600000000000417
0.11800000000000005
0.11800000000000005
0.11900000000000105
0.11899999999999411
0.11900000000000105
0.13900000000000023
0.12099999999999611
0.12000000000000205
0.12100000000000305
0.12099999999999611
0.12200000000000405
0.12200000000000405
0.12299999999999811
0.15699999999999742
0.12299999999999811
0.12399999999999911
0.12399999999999911
0.16000000000000042
0.1250000000000001
0.1260000000000011
0.16999999999999654
0.13599999999999723
0.1260000000000011
0.12699999999999517
0.1260000000000011
0.1260000000000011
0.12799999999999617
0.1270000000000021
0.14000000000000123
0.12899999999999717
0.12899999999999717
0.1290000000000041
0.12899999999999717
0.12899999999999717
0.12999999999999817
0.14100000000000223
0.1310000000000061
0.1310000000000061
0.13099999999999917
0.13099999999999917
0.13200000000000017
0.13300000000000117
0.15300000000000036
0.13400000000000217
0.13399999999999523
0.13400000000000217
0.13399999999999523
0.13500000000000317
0.13500000000000317
0.15699999999999742
0.13699999999999823
0.13599999999999723
0.13600000000000417
0.13600000000000417
0.13599999999999723
0.13699999999999823
0.14799999999999536
0.13799999999999923
0.13900000000000023
0.1399999999999943
0.13900000000000023
0.14100000000000223
0.2899999999999986
0.19600000000000173
0.2139999999999989
0.2750000000000044
0.27999999999999553
0.17099999999999754
0.18499999999999767
0.2109999999999959
0.16899999999999554
0.17500000000000154
0.14999999999999736
0.14799999999999536
0.1480000000000023
0.14899999999999636
0.15799999999999842
0.1449999999999993
0.1779999999999976
0.1470000000000013
0.1460000000000003
0.1470000000000013
0.1460000000000003
0.1460000000000003
0.1830000000000026
0.14799999999999536
0.1480000000000023
0.14899999999999636
0.1490000000000033
0.1490000000000033
0.16000000000000042
0.1500000000000043
0.1490000000000033
0.16700000000000048
0.15199999999999936
0.15199999999999936
0.17299999999999954
0.15300000000000036
0.15199999999999936
0.15299999999999342
0.15300000000000036
0.15400000000000136
0.15399999999999442
0.16500000000000542
0.15500000000000236
0.15499999999999542
0.15500000000000236
0.15499999999999542
0.15600000000000336
0.16699999999999354
0.15699999999999742
0.15700000000000436
0.15700000000000436
0.15699999999999742
0.15799999999999842
0.16800000000000148
0.15899999999999942
0.15899999999999942
0.15899999999999942
0.15899999999999942
0.1810000000000006
0.1820000000000016
0.16199999999999548
0.16100000000000142
0.16099999999999448
0.16200000000000242
0.16099999999999448
0.17299999999999954
0.16299999999999648
0.16300000000000342
0.16399999999999748
0.16399999999999748
0.16399999999999748
0.17700000000000354
0.16500000000000542
0.16499999999999848
0.16800000000000148
0.16599999999999948
0.18499999999999073
0.16800000000000148
0.16700000000000048
0.16800000000000148
0.16800000000000148
0.16800000000000148
0.1799999999999996
0.16900000000000248
0.16900000000000248
0.18899999999999473
0.1699999999999896
0.20000000000000573
0.1810000000000006
0.1709999999999906
0.17200000000000548
0.1719999999999916
0.17200000000000548
0.18499999999999073
0.17300000000000648
0.1719999999999916
0.1890000000000086
0.22900000000000698
0.2960000000000046
0.22500000000000298
0.2269999999999911
0.3060000000000007
0.20500000000001073
0.1830000000000026
0.22099999999999898
0.1840000000000036
0.19500000000000073
0.1870000000000066
0.1769999999999966
0.1779999999999976
0.1769999999999966
0.1880000000000076
0.1789999999999986
0.1799999999999996
0.1789999999999986
0.1799999999999996
0.1900000000000096
0.1810000000000006
0.1810000000000006
0.1810000000000006
0.1810000000000006
0.20099999999999285
0.19299999999999873
0.1830000000000026
0.20099999999999285
0.1850000000000046
0.1830000000000026
0.20600000000001173
0.1860000000000056
0.1840000000000036
0.1850000000000046
0.1850000000000046
0.19599999999998785
0.1870000000000066
0.18699999999999273
0.1860000000000056
0.18699999999999273
0.19800000000000373
0.18899999999999473
0.18799999999999373
0.1880000000000076
0.18899999999999473
0.22300000000000098
0.19099999999999673
0.18999999999999573
0.21100000000000285
0.19099999999999673
0.20399999999999585
0.19299999999999873
0.19199999999999773
0.19199999999999773
0.19299999999999873
0.20300000000000873
0.19399999999999973
0.19399999999999973
0.19399999999999973
0.1940000000000136
0.20600000000001173
0.19600000000000173
0.19500000000000073
0.19600000000000173
0.19600000000000173
0.22300000000000098
0.19700000000000273
0.19800000000000373
0.19699999999998885
0.21900000000001085
0.19900000000000473
0.19800000000000373
0.19899999999999085
0.19900000000000473
0.21100000000000285
0.20100000000000673
0.20000000000000573
0.20100000000000673
0.20099999999999285
0.2339999999999981
0.20100000000000673
0.20199999999999385
0.20199999999999385
0.3589999999999982
0.20599999999999785
0.22800000000000598
0.20399999999999585
0.22600000000000398
0.21500000000000685
0.20399999999999585
0.20599999999999785
0.20599999999999785
0.2380000000000021
0.20699999999999885
0.20599999999999785
0.20599999999999785
0.20699999999999885
0.2400000000000041
0.20799999999999985
0.20799999999999985
0.20799999999999985
0.21899999999999697
0.21000000000000185
0.2289999999999931
0.21100000000000285
0.21100000000000285
0.2329999999999971
0.21299999999999097
0.21100000000000285
0.21200000000000385
0.22400000000000198
0.21300000000000485
0.21299999999999097
0.21400000000000585
0.2269999999999911
0.21600000000000785
0.21499999999999297
0.21500000000000685
0.21499999999999297
0.22600000000000398
0.21699999999999497
0.2329999999999971
0.21699999999999497
0.2380000000000021
0.21799999999999597
0.21799999999999597
0.21800000000000985
0.21799999999999597
0.2309999999999951
0.21999999999999797
0.21899999999999697
0.21899999999999697
0.23000000000000798
0.22000000000001185
0.22099999999999898
0.22099999999999898
0.2309999999999951
0.22199999999999998
0.22199999999999998
0.23899999999998922
0.22300000000000098
0.24399999999999422
0.22300000000000098
0.22300000000000098
0.22400000000000198
0.25599999999999234
0.22500000000000298
0.2259999999999901
0.22600000000000398
0.2370000000000011
0.2269999999999911
0.22600000000000398
0.22700000000000498
0.2400000000000041
0.2329999999999971
0.22800000000000598
0.24499999999999522
0.27399999999999647
0.2299999999999941
0.23000000000000798
0.23000000000000798
0.26199999999999835
0.2309999999999951
0.2299999999999941
0.23100000000000898
0.24199999999999222
0.2319999999999961
0.23200000000000998
0.23200000000000998
0.2329999999999971
0.27099999999999347
0.2329999999999971
0.2500000000000002
0.2339999999999981
0.27499999999999747
0.2349999999999991
0.2349999999999991
0.24699999999999722
0.2360000000000001
0.2360000000000001
0.2360000000000001
0.2370000000000011
0.26900000000000535
0.23799999999998822
0.2370000000000011
0.24799999999999822
0.2390000000000031
0.2390000000000031
0.23999999999999022
0.2390000000000031
0.27099999999999347
0.2400000000000041
0.25899999999999535
0.2510000000000012
0.2410000000000051
0.2420000000000061
0.2420000000000061
0.2530000000000032
0.24299999999999322
0.24299999999999322
0.2430000000000071
0.25599999999999234
0.24499999999999522
0.2440000000000081
0.24399999999999422
0.26999999999999247
0.24599999999999622
0.26500000000000135
0.24699999999999722
0.2580000000000082
0.2470000000000111
0.26400000000000035
0.24899999999999922
0.28600000000000847
0.31299999999999384
0.2500000000000002
0.26400000000000035
0.24899999999999922
0.24899999999999922
0.2500000000000002
0.28200000000000447
0.2510000000000012
0.27599999999999847
0.26599999999998847
0.27399999999999647
0.2530000000000032
0.2530000000000032
0.26299999999999935
0.25399999999999034
0.2530000000000032
0.25399999999999034
0.28800000000001047
0.2550000000000052
0.2550000000000052
0.25499999999999134
0.26600000000000235
0.25599999999999234
0.27800000000000047
0.26800000000000435
0.2580000000000082
0.25699999999999334
0.2570000000000072
0.27100000000000735
0.25899999999999535
0.25899999999999535
0.2590000000000092
0.27099999999999347
0.25999999999999635
0.25999999999999635
0.2600000000000102
0.3010000000000096
0.26299999999999935
0.26199999999999835
0.2819999999999906
0.26299999999999935
0.2620000000000122
0.26299999999998547
0.2949999999999897
0.2640000000000142
0.26399999999998647
0.2959999999999907
0.2650000000000152
0.26399999999998647
0.2650000000000152
0.27800000000000047
0.26699999999998947
0.28200000000000447
0.2879999999999827
0.26799999999999047
0.2680000000000182
0.26799999999999047
0.2999999999999947
0.26899999999999147
0.2680000000000182
0.27900000000000147
0.26999999999999247
0.26999999999999247
0.26999999999999247
0.28100000000000347
0.27199999999999447
0.28800000000001047
0.27299999999999547
0.2929999999999877
0.27299999999999547
0.2720000000000222
0.3180000000000127
0.27399999999999647
0.27399999999999647
0.28500000000000747
0.27499999999999747
0.27499999999999747
0.27499999999999747
0.31699999999998396
0.27699999999999947
0.27699999999999947
0.3150000000000097
0.2829999999999777
0.29600000000001847
0.27900000000000147
0.3049999999999997
0.3200000000000147
0.28000000000000247
0.27900000000000147
0.2789999999999737
0.33099999999999796
0.28100000000000347
0.28000000000000247
0.29200000000001447
0.28200000000000447
0.28200000000000447
0.29200000000001447
0.28300000000000547
0.28300000000000547
0.28300000000000547
0.31499999999998196
0.3009999999999957
0.28500000000000747
0.3070000000000017
0.28600000000000847
0.2849999999999797
0.3180000000000127
0.2869999999999817
0.28600000000000847
0.28600000000000847
0.2969999999999917
0.2869999999999817
0.28700000000000947
0.32399999999999096
0.28900000000001147
0.3060000000000007
0.31099999999997796
0.29100000000001347
0.2899999999999847
0.30100000000002347
0.29100000000001347
0.2909999999999857
0.29100000000001347
0.3039999999999987
0.2929999999999877
0.29200000000001447
0.32899999999999596
0.2939999999999887
0.2939999999999887
0.3039999999999987
0.29500000000001747
0.31399999999998096
0.32799999999999496
0.29600000000001847
0.2959999999999907
0.2959999999999907
0.3070000000000017
0.2979999999999927
0.29700000000001947
0.32899999999999596
0.2979999999999927
0.2979999999999927
0.3180000000000127
0.2999999999999947
0.2999999999999947
0.32099999999998796
0.3019999999999967
0.3019999999999967
0.3140000000000087
0.3029999999999977
0.3019999999999967
0.3029999999999977
0.3039999999999987
0.3029999999999977
0.3060000000000007
0.3140000000000087
0.3290000000000237
0.3060000000000007
0.3190000000000137
0.3060000000000007
0.3049999999999997
0.33900000000000596
0.3070000000000017
0.3060000000000007
0.34800000000001496
0.30799999999997496
0.3070000000000017
0.3180000000000127
0.3080000000000027
0.32699999999999396
0.3469999999999862
0.3090000000000037
0.3090000000000037
0.32199999999998896
0.3100000000000047
0.3100000000000047
0.33600000000000296
0.3120000000000067
0.32799999999999496
0.34900000000001596
0.33500000000000196
0.3130000000000077
0.32399999999999096
0.3140000000000087
0.3130000000000077
0.3459999999999852
0.3140000000000087
0.31399999999998096
0.3250000000000197
0.31599999999998296
0.3150000000000097
0.32499999999999196
0.33400000000000096
0.32099999999998796
0.3730000000000122
0.32599999999999296
0.31799999999998496
0.33199999999999896
0.3190000000000137
0.31799999999998496
0.35000000000001696
0.31999999999998696
0.31899999999998596
0.33800000000000496
0.3210000000000157
0.32199999999998896
0.34300000000000996
0.3220000000000167
0.32199999999998896
0.33299999999999996
0.32199999999998896
0.3220000000000167
0.33500000000000196
0.32299999999998996
0.32299999999998996
0.33500000000000196
0.34300000000000996
0.3459999999999852
0.32699999999999396
0.32599999999999296
0.33700000000000396
0.32699999999999396
0.3270000000000217
0.3579999999999972
0.32699999999999396
0.32799999999999496
0.3620000000000012
0.32899999999999596
0.3479999999999872
0.3710000000000102
0.32999999999999696
0.32999999999999696
0.34100000000000796
0.3310000000000257
0.3310000000000257
0.36299999999997445
0.33199999999999896
0.33199999999999896
0.34300000000000996
0.3489999999999882
0.38199999999999346
0.33500000000000196
0.33400000000000096
0.34700000000001396
0.33500000000000196
0.3369999999999762
0.35200000000001896
0.3359999999999752
0.33600000000000296
0.34700000000001396
0.3379999999999772
0.33700000000000396
0.3690000000000082
0.3569999999999962
0.3559999999999952
0.33900000000000596
0.3389999999999782
0.39500000000000646
0.4290000000000127
0.3499999999999892
0.3539999999999932
0.34100000000000796
0.38299999999999446
0.3549999999999942
0.3620000000000012
0.3519999999999912
0.34300000000000996
0.3429999999999822
0.35400000000002096
0.34400000000001096
0.34300000000000996
0.3529999999999922
0.3449999999999842
0.3700000000000092
0.3469999999999862
0.3650000000000042
0.3559999999999952
0.34700000000001396
0.3459999999999852
0.3770000000000162
0.34700000000001396
0.3479999999999872
0.37899999999999046
0.34900000000001596
0.36899999999998045
0.35000000000001696
0.3499999999999892
0.39200000000000346
0.3499999999999892
0.35000000000001696
